0.0 0.534777585211
0.01 0.537088388215
0.02 0.543674176776
0.03 0.535759676488
0.04 0.539919121895
0.05 0.533968804159
0.060000000000000005 0.537203928365
0.07 0.538937030618
0.08 0.532755632582
0.09 0.541305603697
0.09999999999999999 0.550953206239
0.10999999999999999 0.555112651646
0.11999999999999998 0.554708261121
0.12999999999999998 0.554592720971
0.13999999999999999 0.562276140959
0.15 0.569959560947
0.16 0.559965337955
0.17 0.569208549971
0.18000000000000002 0.573541305604
0.19000000000000003 0.577989601386
0.20000000000000004 0.585904101675
0.21000000000000005 0.570941652224
0.22000000000000006 0.576314269209
0.23000000000000007 0.584517619873
0.24000000000000007 0.592605430387
0.25000000000000006 0.591738879261
0.26000000000000006 0.582380127094
0.2700000000000001 0.589081455806
0.2800000000000001 0.589601386482
0.2900000000000001 0.589716926632
0.3000000000000001 0.588850375505
0.3100000000000001 0.592952050838
0.3200000000000001 0.585441941075
0.3300000000000001 0.596822645869
0.34000000000000014 0.594280762565
0.35000000000000014 0.591738879261
0.36000000000000015 0.601328711727
0.37000000000000016 0.59728480647
0.38000000000000017 0.599422299249
0.3900000000000002 0.59150779896
0.4000000000000002 0.597804737146
0.4100000000000002 0.596302715194
0.4200000000000002 0.596995956095
0.4300000000000002 0.596418255344
0.4400000000000002 0.602484113229
0.45000000000000023 0.596476025419
0.46000000000000024 0.596476025419
0.47000000000000025 0.600924321202
0.48000000000000026 0.604968226459
0.49000000000000027 0.603004043905
0.5000000000000002 0.601790872328
0.5100000000000002 0.601848642403
0.5200000000000002 0.600173310225
0.5300000000000002 0.600866551127
0.5400000000000003 0.603639514731
0.5500000000000003 0.602079722704
0.5600000000000003 0.602426343154
0.5700000000000003 0.606759098787
0.5800000000000003 0.602079722704
0.5900000000000003 0.604968226459
0.6000000000000003 0.603235124206
0.6100000000000003 0.607394569613
0.6200000000000003 0.606412478336
0.6300000000000003 0.608030040439
0.6400000000000003 0.611265164645
0.6500000000000004 0.604274985557
0.6600000000000004 0.607625649913
0.6700000000000004 0.61166955517
0.6800000000000004 0.613575967649
0.6900000000000004 0.608087810514
0.7000000000000004 0.610514153668
0.7100000000000004 0.610109763143
0.7200000000000004 0.609069901791
0.7300000000000004 0.605950317735
0.7400000000000004 0.61426920855
0.7500000000000004 0.617735413056
0.7600000000000005 0.602888503755
0.7700000000000005 0.613518197574
0.7800000000000005 0.607163489313
0.7900000000000005 0.606296938186
0.8000000000000005 0.607452339688
0.8100000000000005 0.603466204506
0.8200000000000005 0.617042172155
0.8300000000000005 0.613807047949
0.8400000000000005 0.613402657423
0.8500000000000005 0.610860774119
0.8600000000000005 0.608434430965
0.8700000000000006 0.616695551704
0.8800000000000006 0.608896591566
0.8900000000000006 0.614095898325
0.9000000000000006 0.61709994223
0.9100000000000006 0.61120739457
0.9200000000000006 0.613460427499
0.9300000000000006 0.611785095321
0.9400000000000006 0.618428653957
0.9500000000000006 0.61426920855
0.9600000000000006 0.617446562681
0.9700000000000006 0.614211438475
0.9800000000000006 0.610629693819
0.9900000000000007 0.611611785095
1.0000000000000007 0.618197573657
1.0100000000000007 0.616926632005
1.0200000000000007 0.613922588099
1.0300000000000007 0.618948584633
1.0400000000000007 0.618890814558
1.0500000000000007 0.614904679376
1.0600000000000007 0.608030040439
1.0700000000000007 0.611034084344
1.0800000000000007 0.619179664934
1.0900000000000007 0.625303292894
1.1000000000000008 0.616175621028
1.1100000000000008 0.618082033507
1.1200000000000008 0.611380704795
1.1300000000000008 0.618775274408
1.1400000000000008 0.612882726748
1.1500000000000008 0.616753321779
1.1600000000000008 0.615771230503
1.1700000000000008 0.617042172155
1.1800000000000008 0.614211438475
1.1900000000000008 0.612998266898
1.2000000000000008 0.613864818024
1.2100000000000009 0.612131715771
1.2200000000000009 0.613575967649
1.2300000000000009 0.611611785095
1.2400000000000009 0.622357019064
1.2500000000000009 0.611611785095
1.260000000000001 0.61993067591
1.270000000000001 0.622703639515
1.280000000000001 0.615886770653
1.290000000000001 0.610976314269
1.300000000000001 0.612940496823
1.310000000000001 0.613807047949
1.320000000000001 0.615020219526
1.330000000000001 0.618313113807
1.340000000000001 0.619526285384
1.350000000000001 0.619699595609
1.360000000000001 0.611785095321
1.370000000000001 0.612189485846
1.380000000000001 0.614615829001
1.390000000000001 0.617446562681
1.400000000000001 0.616580011554
1.410000000000001 0.620103986135
1.420000000000001 0.616291161179
1.430000000000001 0.614326978625
1.440000000000001 0.616060080878
1.450000000000001 0.615944540728
1.460000000000001 0.615540150202
1.470000000000001 0.618139803582
1.480000000000001 0.615540150202
1.490000000000001 0.619410745234
1.500000000000001 0.614442518775
1.5100000000000011 0.61981513576
1.5200000000000011 0.611958405546
1.5300000000000011 0.622068168689
1.5400000000000011 0.61155401502
1.5500000000000012 0.613749277874
1.5600000000000012 0.620219526285
1.5700000000000012 0.615077989601
1.5800000000000012 0.61403812825
1.5900000000000012 0.619237435009
1.6000000000000012 0.614442518775
1.6100000000000012 0.614442518775
1.6200000000000012 0.620103986135
1.6300000000000012 0.615251299827
1.6400000000000012 0.615540150202
1.6500000000000012 0.613056036973
1.6600000000000013 0.616637781629
1.6700000000000013 0.612824956672
1.6800000000000013 0.615482380127
1.6900000000000013 0.611900635471
1.7000000000000013 0.61132293472
1.7100000000000013 0.616291161179
1.7200000000000013 0.61450028885
1.7300000000000013 0.615540150202
1.7400000000000013 0.613229347198
1.7500000000000013 0.617388792605
1.7600000000000013 0.616522241479
1.7700000000000014 0.617273252455
1.7800000000000014 0.613113807048
1.7900000000000014 0.615829000578
1.8000000000000014 0.60849220104
1.8100000000000014 0.612305025997
1.8200000000000014 0.61450028885
1.8300000000000014 0.616406701329
1.8400000000000014 0.613980358174
1.8500000000000014 0.61426920855
1.8600000000000014 0.613633737724
1.8700000000000014 0.614558058925
1.8800000000000014 0.614846909301
1.8900000000000015 0.615713460427
1.9000000000000015 0.607510109763
1.9100000000000015 0.608145580589
1.9200000000000015 0.616811091854
1.9300000000000015 0.610514153668
1.9400000000000015 0.610051993068
1.9500000000000015 0.60860774119
1.9600000000000015 0.609936452917
1.9700000000000015 0.613864818024
1.9800000000000015 0.609300982091
1.9900000000000015 0.612882726748
2.0000000000000013 0.60543038706
2.010000000000001 0.607741190064
2.020000000000001 0.61426920855
2.0300000000000007 0.610860774119
2.0400000000000005 0.606065857886
2.0500000000000003 0.60860774119
2.06 0.60860774119
2.07 0.614789139226
2.0799999999999996 0.614211438475
2.0899999999999994 0.61698440208
2.099999999999999 0.609763142692
2.109999999999999 0.608781051415
2.1199999999999988 0.607336799538
2.1299999999999986 0.616464471404
2.1399999999999983 0.611611785095
2.149999999999998 0.606816868862
2.159999999999998 0.609532062392
2.1699999999999977 0.606585788562
2.1799999999999975 0.604852686308
2.1899999999999973 0.612998266898
2.199999999999997 0.605488157135
2.209999999999997 0.609358752166
2.2199999999999966 0.610167533218
2.2299999999999964 0.607856730214
2.239999999999996 0.611091854419
2.249999999999996 0.616522241479
2.259999999999996 0.609532062392
2.2699999999999956 0.607625649913
2.2799999999999954 0.606354708261
2.289999999999995 0.609647602542
2.299999999999995 0.609300982091
2.3099999999999947 0.609185441941
2.3199999999999945 0.609647602542
2.3299999999999943 0.610687463894
2.339999999999994 0.607625649913
2.349999999999994 0.602541883304
2.3599999999999937 0.601675332178
2.3699999999999934 0.614789139226
2.3799999999999932 0.606354708261
2.389999999999993 0.606065857886
2.399999999999993 0.607221259388
2.4099999999999926 0.613922588099
2.4199999999999924 0.604506065858
2.429999999999992 0.607567879838
2.439999999999992 0.613633737724
2.4499999999999917 0.605834777585
2.4599999999999915 0.607683419988
2.4699999999999913 0.611265164645
2.479999999999991 0.605603697285
2.489999999999991 0.605199306759
2.4999999999999907 0.606412478336
2.5099999999999905 0.605950317735
2.5199999999999902 0.608549971115
2.52999999999999 0.607394569613
2.53999999999999 0.602195262854
2.5499999999999896 0.603004043905
2.5599999999999894 0.605834777585
2.569999999999989 0.61155401502
2.579999999999989 0.608261120739
2.5899999999999888 0.607683419988
2.5999999999999885 0.603639514731
2.6099999999999883 0.605083766609
2.619999999999988 0.605372616984
2.629999999999988 0.607625649913
2.6399999999999877 0.607683419988
2.6499999999999875 0.599422299249
2.6599999999999873 0.604448295783
2.669999999999987 0.606181398036
2.679999999999987 0.608087810514
2.6899999999999866 0.611091854419
2.6999999999999864 0.603581744656
2.709999999999986 0.604968226459
2.719999999999986 0.606528018486
2.7299999999999858 0.606816868862
2.7399999999999856 0.607741190064
2.7499999999999853 0.60271519353
2.759999999999985 0.604679376083
2.769999999999985 0.610918544194
2.7799999999999847 0.607336799538
2.7899999999999845 0.606701328712
2.7999999999999843 0.60849220104
2.809999999999984 0.60554592721
2.819999999999984 0.607798960139
2.8299999999999836 0.604563835933
2.8399999999999834 0.601155401502
2.849999999999983 0.603235124206
2.859999999999983 0.605025996534
2.869999999999983 0.607452339688
2.8799999999999826 0.607394569613
2.8899999999999824 0.606239168111
2.899999999999982 0.607163489313
2.909999999999982 0.604506065858
2.9199999999999817 0.606990179087
2.9299999999999815 0.60543038706
2.9399999999999813 0.605141536684
2.949999999999981 0.599942229925
2.959999999999981 0.6
2.9699999999999807 0.603812824957
2.9799999999999804 0.60306181398
2.9899999999999802 0.607394569613
2.99999999999998 0.601790872328
3.00999999999998 0.607394569613
3.0199999999999796 0.604910456384
3.0299999999999794 0.60294627383
3.039999999999979 0.604563835933
3.049999999999979 0.609994222992
3.0599999999999787 0.604737146158
3.0699999999999785 0.606296938186
3.0799999999999783 0.602368573079
3.089999999999978 0.60306181398
3.099999999999978 0.600577700751
3.1099999999999777 0.603581744656
3.1199999999999775 0.597920277296
3.1299999999999772 0.600751010976
3.139999999999977 0.605488157135
3.149999999999977 0.606470248411
3.1599999999999766 0.604448295783
3.1699999999999764 0.602137492779
3.179999999999976 0.599191218949
3.189999999999976 0.598613518198
3.1999999999999758 0.603697284806
3.2099999999999755 0.599653379549
3.2199999999999753 0.602368573079
3.229999999999975 0.605314846909
3.239999999999975 0.601502021953
3.2499999999999747 0.602253032929
3.2599999999999745 0.602368573079
3.2699999999999743 0.603235124206
3.279999999999974 0.602310803004
3.289999999999974 0.604621606008
3.2999999999999736 0.59728480647
3.3099999999999734 0.601328711727
3.319999999999973 0.607279029463
3.329999999999973 0.605141536684
3.3399999999999728 0.599422299249
3.3499999999999726 0.608781051415
3.3599999999999723 0.596707105719
3.369999999999972 0.593587521664
3.379999999999972 0.600751010976
3.3899999999999717 0.602772963605
3.3999999999999715 0.598093587522
3.4099999999999713 0.597978047371
3.419999999999971 0.596476025419
3.429999999999971 0.603350664356
3.4399999999999706 0.605083766609
3.4499999999999704 0.599075678798
3.45999999999997 0.60554592721
3.46999999999997 0.593240901213
3.47999999999997 0.606065857886
3.4899999999999696 0.598786828423
3.4999999999999694 0.601444251878
3.509999999999969 0.600924321202
3.519999999999969 0.599075678798
3.5299999999999687 0.605314846909
3.5399999999999685 0.600924321202
3.5499999999999683 0.598035817447
3.559999999999968 0.597631426921
3.569999999999968 0.600404390526
3.5799999999999677 0.601444251878
3.5899999999999674 0.603235124206
3.5999999999999672 0.604390525708
3.609999999999967 0.593009820913
3.619999999999967 0.598786828423
3.6299999999999666 0.600173310225
3.6399999999999664 0.603292894281
3.649999999999966 0.601906412478
3.659999999999966 0.599133448873
3.6699999999999657 0.598844598498
3.6799999999999655 0.593760831889
3.6899999999999653 0.60306181398
3.699999999999965 0.59705372617
3.709999999999965 0.602137492779
3.7199999999999647 0.597804737146
3.7299999999999645 0.601328711727
3.7399999999999642 0.599306759099
3.749999999999964 0.596476025419
3.759999999999964 0.596418255344
3.7699999999999636 0.604506065858
3.7799999999999634 0.591565569035
3.789999999999963 0.596418255344
3.799999999999963 0.601617562103
3.8099999999999627 0.592258809936
3.8199999999999625 0.602253032929
3.8299999999999623 0.595551704217
3.839999999999962 0.601790872328
3.849999999999962 0.592663200462
3.8599999999999617 0.598266897747
3.8699999999999615 0.589196995956
3.8799999999999613 0.595205083767
3.889999999999961 0.598151357597
3.899999999999961 0.598209127672
3.9099999999999606 0.599480069324
3.9199999999999604 0.591334488735
3.92999999999996 0.597342576545
3.93999999999996 0.598440207972
3.9499999999999598 0.599191218949
3.9599999999999596 0.593298671288
3.9699999999999593 0.598555748122
3.979999999999959 0.597689196996
3.989999999999959 0.592663200462
3.9999999999999587 0.596764875794
4.009999999999959 0.595667244367
4.019999999999959 0.602541883304
4.0299999999999585 0.594742923166
4.039999999999958 0.597111496245
4.049999999999958 0.591969959561
4.059999999999958 0.601790872328
4.069999999999958 0.593009820913
4.079999999999957 0.599537839399
4.089999999999957 0.5997689197
4.099999999999957 0.60011554015
4.109999999999957 0.594396302715
4.119999999999957 0.591218948585
4.129999999999956 0.593587521664
4.139999999999956 0.593703061814
4.149999999999956 0.59705372617
4.159999999999956 0.592085499711
4.1699999999999555 0.595262853842
4.179999999999955 0.59422299249
4.189999999999955 0.599826689775
4.199999999999955 0.591045638359
4.209999999999955 0.596995956095
4.2199999999999545 0.596995956095
4.229999999999954 0.600693240901
4.239999999999954 0.597515886771
4.249999999999954 0.598382437897
4.259999999999954 0.594165222415
4.269999999999953 0.593356441363
4.279999999999953 0.595782784518
4.289999999999953 0.590410167533
4.299999999999953 0.593240901213
4.3099999999999525 0.595782784518
4.319999999999952 0.590814558059
4.329999999999952 0.598093587522
4.339999999999952 0.593414211438
4.349999999999952 0.593414211438
4.3599999999999515 0.597862507221
4.369999999999951 0.590063547083
4.379999999999951 0.598382437897
4.389999999999951 0.595898324668
4.399999999999951 0.591912189486
4.40999999999995 0.598266897747
4.41999999999995 0.597689196996
4.42999999999995 0.596995956095
4.43999999999995 0.592489890237
4.4499999999999496 0.594974003466
4.459999999999949 0.594685153091
4.469999999999949 0.595782784518
4.479999999999949 0.593529751589
4.489999999999949 0.596418255344
4.4999999999999485 0.593240901213
4.509999999999948 0.596995956095
4.519999999999948 0.594974003466
4.529999999999948 0.593471981514
4.539999999999948 0.594916233391
4.549999999999947 0.595609474292
4.559999999999947 0.592258809936
4.569999999999947 0.591218948585
4.579999999999947 0.600346620451
4.589999999999947 0.592952050838
4.599999999999946 0.59456961294
4.609999999999946 0.593471981514
4.619999999999946 0.59150779896
4.629999999999946 0.588965915656
4.6399999999999455 0.594685153091
4.649999999999945 0.590872328134
4.659999999999945 0.594858463316
4.669999999999945 0.602137492779
4.679999999999945 0.590699017909
4.689999999999944 0.590294627383
4.699999999999944 0.592663200462
4.709999999999944 0.59728480647
4.719999999999944 0.600346620451
4.729999999999944 0.59693818602
4.739999999999943 0.593240901213
4.749999999999943 0.594858463316
4.759999999999943 0.588099364529
4.769999999999943 0.589370306181
4.7799999999999425 0.595320623917
4.789999999999942 0.592952050838
4.799999999999942 0.592143269786
4.809999999999942 0.595089543616
4.819999999999942 0.595898324668
4.8299999999999415 0.5858463316
4.839999999999941 0.589890236857
4.849999999999941 0.590583477759
4.859999999999941 0.598729058348
4.869999999999941 0.592547660312
4.87999999999994 0.590005777008
4.88999999999994 0.591738879261
4.89999999999994 0.593703061814
4.90999999999994 0.595609474292
4.9199999999999395 0.592085499711
4.929999999999939 0.59456961294
4.939999999999939 0.584922010399
4.949999999999939 0.587406123628
4.959999999999939 0.589948006932
4.9699999999999385 0.594974003466
4.979999999999938 0.58833044483
4.989999999999938 0.595725014443
4.999999999999938 0.595147313692
5.009999999999938 0.593298671288
5.019999999999937 0.590756787984
5.029999999999937 0.589659156557
5.039999999999937 0.589196995956
5.049999999999937 0.590467937608
5.0599999999999365 0.593934142114
5.069999999999936 0.593298671288
5.079999999999936 0.589196995956
5.089999999999936 0.588619295205
5.099999999999936 0.584575389948
5.1099999999999355 0.588965915656
5.119999999999935 0.590467937608
5.129999999999935 0.595147313692
5.139999999999935 0.589774696707
5.149999999999935 0.593876372039
5.159999999999934 0.585037550549
5.169999999999934 0.591969959561
5.179999999999934 0.591218948585
5.189999999999934 0.590121317158
5.199999999999934 0.592374350087
5.209999999999933 0.584517619873
5.219999999999933 0.593414211438
5.229999999999933 0.591103408434
5.239999999999933 0.587001733102
5.2499999999999325 0.587117273252
5.259999999999932 0.589428076256
5.269999999999932 0.586886192952
5.279999999999932 0.594280762565
5.289999999999932 0.59433853264
5.299999999999931 0.591854419411
5.309999999999931 0.588965915656
5.319999999999931 0.592143269786
5.329999999999931 0.587463893703
5.339999999999931 0.591103408434
5.34999999999993 0.588041594454
5.35999999999993 0.591969959561
5.36999999999993 0.585268630849
5.37999999999993 0.583882149047
5.3899999999999295 0.589948006932
5.399999999999929 0.592201039861
5.409999999999929 0.593760831889
5.419999999999929 0.587175043328
5.429999999999929 0.587406123628
5.4399999999999284 0.584922010399
5.449999999999928 0.590236857308
5.459999999999928 0.592778740612
5.469999999999928 0.586135181976
5.479999999999928 0.590814558059
5.489999999999927 0.590641247834
5.499999999999927 0.592316580012
5.509999999999927 0.591334488735
5.519999999999927 0.589659156557
5.5299999999999265 0.590525707683
5.539999999999926 0.587059503177
5.549999999999926 0.590005777008
5.559999999999926 0.590872328134
5.569999999999926 0.595031773541
5.5799999999999255 0.590987868284
5.589999999999925 0.587463893703
5.599999999999925 0.591854419411
5.609999999999925 0.583824378972
5.619999999999925 0.585557481225
5.629999999999924 0.591045638359
5.639999999999924 0.589139225881
5.649999999999924 0.593934142114
5.659999999999924 0.587290583478
5.6699999999999235 0.578856152513
5.679999999999923 0.586077411901
5.689999999999923 0.588388214905
5.699999999999923 0.588850375505
5.709999999999923 0.586424032351
5.7199999999999225 0.587637203928
5.729999999999922 0.588157134604
5.739999999999922 0.587059503177
5.749999999999922 0.585153090699
5.759999999999922 0.592085499711
5.769999999999921 0.585153090699
5.779999999999921 0.588965915656
5.789999999999921 0.585441941075
5.799999999999921 0.595898324668
5.809999999999921 0.591565569035
5.81999999999992 0.589890236857
5.82999999999992 0.593009820913
5.83999999999992 0.59162333911
5.84999999999992 0.587983824379
5.8599999999999195 0.585441941075
5.869999999999919 0.586943963027
5.879999999999919 0.590005777008
5.889999999999919 0.592894280763
5.899999999999919 0.586597342577
5.909999999999918 0.589023685731
5.919999999999918 0.587290583478
5.929999999999918 0.587001733102
5.939999999999918 0.586828422877
5.949999999999918 0.587175043328
5.959999999999917 0.583882149047
5.969999999999917 0.589312536106
5.979999999999917 0.588099364529
5.989999999999917 0.588099364529
5.9999999999999165 0.586655112652
6.009999999999916 0.588965915656
6.019999999999916 0.58856152513
6.029999999999916 0.587463893703
6.039999999999916 0.585153090699
6.0499999999999154 0.586366262276
6.059999999999915 0.587406123628
6.069999999999915 0.585904101675
6.079999999999915 0.583304448296
6.089999999999915 0.583593298671
6.099999999999914 0.584922010399
6.109999999999914 0.587752744079
6.119999999999914 0.589832466782
6.129999999999914 0.584690930098
6.1399999999999135 0.585268630849
6.149999999999913 0.581455805893
6.159999999999913 0.587001733102
6.169999999999913 0.584517619873
6.179999999999913 0.587059503177
6.1899999999999125 0.590756787984
6.199999999999912 0.591681109185
6.209999999999912 0.589774696707
6.219999999999912 0.583766608897
6.229999999999912 0.593471981514
6.239999999999911 0.580878105142
6.249999999999911 0.587521663778
6.259999999999911 0.588157134604
6.269999999999911 0.594049682265
6.2799999999999105 0.586712882727
6.28999999999991 0.584979780474
6.29999999999991 0.584806470248
6.30999999999991 0.581571346043
6.31999999999991 0.585037550549
6.3299999999999095 0.582842287695
6.339999999999909 0.582322357019
6.349999999999909 0.582495667244
6.359999999999909 0.583419988446
6.369999999999909 0.582437897169
6.379999999999908 0.586655112652
6.389999999999908 0.58313113807
6.399999999999908 0.58290005777
6.409999999999908 0.580242634315
6.419999999999908 0.580878105142
6.429999999999907 0.585268630849
6.439999999999907 0.583939919122
6.449999999999907 0.577411900635
6.459999999999907 0.579780473715
6.4699999999999065 0.582495667244
6.479999999999906 0.583535528596
6.489999999999906 0.582553437319
6.499999999999906 0.588041594454
6.509999999999906 0.587637203928
6.519999999999905 0.579202772964
6.529999999999905 0.586770652802
6.539999999999905 0.58549971115
6.549999999999905 0.58006932409
6.559999999999905 0.583362218371
6.569999999999904 0.579202772964
6.579999999999904 0.578856152513
6.589999999999904 0.590179087233
6.599999999999904 0.577469670711
6.6099999999999035 0.582149046794
6.619999999999903 0.586539572501
6.629999999999903 0.583997689197
6.639999999999903 0.58278451762
6.649999999999903 0.583882149047
6.659999999999902 0.587694974003
6.669999999999902 0.584633160023
6.679999999999902 0.581051415367
6.689999999999902 0.577642980936
6.699999999999902 0.578625072213
6.709999999999901 0.579549393414
6.719999999999901 0.581340265742
6.729999999999901 0.582437897169
6.739999999999901 0.585788561525
6.7499999999999005 0.584344309648
6.7599999999999 0.584633160023
6.7699999999999 0.582495667244
6.7799999999999 0.579145002889
6.7899999999999 0.581686886193
6.7999999999998995 0.58290005777
6.809999999999899 0.581051415367
6.819999999999899 0.586886192952
6.829999999999899 0.577469670711
6.839999999999899 0.578220681687
6.849999999999898 0.583073367995
6.859999999999898 0.582033506644
6.869999999999898 0.583997689197
6.879999999999898 0.589023685731
6.8899999999998975 0.577816291161
6.899999999999897 0.578913922588
6.909999999999897 0.586135181976
6.919999999999897 0.582611207395
6.929999999999897 0.5856152513
6.9399999999998965 0.581513575968
6.949999999999896 0.578625072213
6.959999999999896 0.581744656268
6.969999999999896 0.582380127094
6.979999999999896 0.579376083189
6.989999999999895 0.582091276719
6.999999999999895 0.583882149047
7.009999999999895 0.583073367995
7.019999999999895 0.584575389948
7.0299999999998946 0.581744656268
7.039999999999894 0.581686886193
7.049999999999894 0.582206816869
7.059999999999894 0.582149046794
7.069999999999894 0.587348353553
7.0799999999998935 0.581513575968
7.089999999999893 0.584806470248
7.099999999999893 0.582149046794
7.109999999999893 0.581975736568
7.119999999999893 0.57983824379
7.129999999999892 0.582726747545
7.139999999999892 0.58290005777
7.149999999999892 0.577989601386
7.159999999999892 0.57712305026
7.169999999999892 0.588041594454
7.179999999999891 0.58018486424
7.189999999999891 0.579029462738
7.199999999999891 0.58018486424
7.209999999999891 0.577296360485
7.2199999999998905 0.582437897169
7.22999999999989 0.581398035817
7.23999999999989 0.584055459272
7.24999999999989 0.578451761987
7.25999999999989 0.579607163489
7.269999999999889 0.581860196418
7.279999999999889 0.581860196418
7.289999999999889 0.579202772964
7.299999999999889 0.584864240324
7.309999999999889 0.583882149047
7.319999999999888 0.578509532062
7.329999999999888 0.580358174466
7.339999999999888 0.577180820335
7.349999999999888 0.579664933564
7.3599999999998875 0.573599075679
7.369999999999887 0.577180820335
7.379999999999887 0.581513575968
7.389999999999887 0.584690930098
7.399999999999887 0.580935875217
7.4099999999998865 0.576314269209
7.419999999999886 0.582437897169
7.429999999999886 0.579491623339
7.439999999999886 0.575563258232
7.449999999999886 0.578220681687
7.459999999999885 0.574812247256
7.469999999999885 0.580647024841
7.479999999999885 0.576834199884
7.489999999999885 0.583535528596
7.4999999999998845 0.571923743501
7.509999999999884 0.576834199884
7.519999999999884 0.577469670711
7.529999999999884 0.577585210861
7.539999999999884 0.584864240324
7.5499999999998835 0.580127094165
7.559999999999883 0.57983824379
7.569999999999883 0.581513575968
7.579999999999883 0.577411900635
7.589999999999883 0.578220681687
7.599999999999882 0.579029462738
7.609999999999882 0.576429809359
7.619999999999882 0.575852108608
7.629999999999882 0.577469670711
7.6399999999998816 0.579607163489
7.649999999999881 0.582322357019
7.659999999999881 0.577931831311
7.669999999999881 0.577816291161
7.679999999999881 0.574234546505
7.6899999999998805 0.576372039284
7.69999999999988 0.575158867707
7.70999999999988 0.58006932409
7.71999999999988 0.576949740035
7.72999999999988 0.573830155979
7.739999999999879 0.579202772964
7.749999999999879 0.573656845754
7.759999999999879 0.572732524552
7.769999999999879 0.579029462738
7.779999999999879 0.574003466205
7.789999999999878 0.57983824379
7.799999999999878 0.577931831311
7.809999999999878 0.581975736568
7.819999999999878 0.573425765453
7.8299999999998775 0.579376083189
7.839999999999877 0.573367995378
7.849999999999877 0.578682842288
7.859999999999877 0.580935875217
7.869999999999877 0.575158867707
7.879999999999876 0.578798382438
7.889999999999876 0.580415944541
7.899999999999876 0.577527440786
7.909999999999876 0.580762564991
7.919999999999876 0.573887926054
7.929999999999875 0.579549393414
7.939999999999875 0.574003466205
7.949999999999875 0.580011554015
7.959999999999875 0.581802426343
7.9699999999998745 0.579664933564
7.979999999999874 0.576256499133
7.989999999999874 0.574985557481
7.999999999999874 0.581975736568
8.009999999999874 0.576429809359
8.019999999999873 0.575505488157
8.029999999999873 0.573599075679
8.039999999999873 0.573830155979
8.049999999999873 0.578047371462
8.059999999999873 0.575274407857
8.069999999999872 0.572559214327
8.079999999999872 0.572963604853
8.089999999999872 0.573887926054
8.099999999999872 0.577989601386
8.109999999999872 0.57452339688
8.119999999999871 0.574754477181
8.129999999999871 0.573541305604
8.139999999999871 0.578740612363
8.14999999999987 0.574638937031
8.15999999999987 0.577180820335
8.16999999999987 0.572154823801
8.17999999999987 0.575852108608
8.18999999999987 0.569439630272
8.19999999999987 0.568341998845
8.20999999999987 0.572385904102
8.21999999999987 0.575909878683
8.229999999999869 0.580011554015
8.239999999999869 0.575101097631
8.249999999999869 0.571403812825
8.259999999999868 0.56851530907
8.269999999999868 0.570768341999
8.279999999999868 0.571981513576
8.289999999999868 0.575563258232
8.299999999999867 0.57723859041
8.309999999999867 0.574638937031
8.319999999999867 0.573656845754
8.329999999999867 0.577527440786
8.339999999999867 0.579029462738
8.349999999999866 0.568861929521
8.359999999999866 0.57429231658
8.369999999999866 0.575216637782
8.379999999999866 0.575794338533
8.389999999999866 0.56863084922
8.399999999999865 0.57417677643
8.409999999999865 0.570595031774
8.419999999999865 0.56874638937
8.429999999999865 0.570190641248
8.439999999999864 0.577700751011
8.449999999999864 0.568573079145
8.459999999999864 0.573656845754
8.469999999999864 0.579664933564
8.479999999999864 0.575389948007
8.489999999999863 0.569381860196
8.499999999999863 0.575158867707
8.509999999999863 0.571865973426
8.519999999999863 0.574638937031
8.529999999999863 0.574870017331
8.539999999999862 0.572674754477
8.549999999999862 0.564760254188
8.559999999999862 0.572443674177
8.569999999999862 0.569035239746
8.579999999999862 0.569555170422
8.589999999999861 0.566377816291
8.599999999999861 0.572443674177
8.60999999999986 0.569208549971
8.61999999999986 0.567995378394
8.62999999999986 0.571519352975
8.63999999999986 0.573021374928
8.64999999999986 0.57452339688
8.65999999999986 0.574754477181
8.66999999999986 0.572905834778
8.67999999999986 0.573714615829
8.68999999999986 0.569035239746
8.699999999999859 0.572674754477
8.709999999999859 0.57700751011
8.719999999999859 0.57452339688
8.729999999999858 0.572790294627
8.739999999999858 0.573194685153
8.749999999999858 0.569728480647
8.759999999999858 0.578740612363
8.769999999999857 0.575389948007
8.779999999999857 0.569381860196
8.789999999999857 0.572501444252
8.799999999999857 0.571923743501
8.809999999999857 0.571403812825
8.819999999999856 0.579260543039
8.829999999999856 0.574581166956
8.839999999999856 0.575158867707
8.849999999999856 0.576545349509
8.859999999999856 0.56545349509
8.869999999999855 0.56591565569
8.879999999999855 0.568919699596
8.889999999999855 0.578393991912
8.899999999999855 0.570768341999
8.909999999999854 0.57157712305
8.919999999999854 0.567475447718
8.929999999999854 0.569439630272
8.939999999999854 0.567764298094
8.949999999999854 0.57134604275
8.959999999999853 0.574119006355
8.969999999999853 0.570883882149
8.979999999999853 0.572790294627
8.989999999999853 0.570421721548
8.999999999999853 0.563951473137
9.009999999999852 0.572732524552
9.019999999999852 0.569959560947
9.029999999999852 0.57134604275
9.039999999999852 0.566608896592
9.049999999999851 0.57417677643
9.059999999999851 0.568919699596
9.069999999999851 0.570248411323
9.07999999999985 0.569959560947
9.08999999999985 0.569612940497
9.09999999999985 0.573252455228
9.10999999999985 0.5716926632
9.11999999999985 0.570652801849
9.12999999999985 0.573830155979
9.13999999999985 0.56874638937
9.14999999999985 0.570941652224
9.15999999999985 0.564818024263
9.169999999999849 0.570479491623
9.179999999999849 0.565857885615
9.189999999999849 0.567590987868
9.199999999999848 0.565222414789
9.209999999999848 0.571923743501
9.219999999999848 0.56545349509
9.229999999999848 0.567013287117
9.239999999999847 0.572097053726
9.249999999999847 0.570537261698
9.259999999999847 0.566782206817
9.269999999999847 0.573425765453
9.279999999999847 0.572097053726
9.289999999999846 0.57440785673
9.299999999999846 0.57700751011
9.309999999999846 0.566839976892
9.319999999999846 0.570017331023
9.329999999999846 0.568804159445
9.339999999999845 0.564240323512
9.349999999999845 0.567071057192
9.359999999999845 0.570363951473
9.369999999999845 0.569150779896
9.379999999999844 0.564413633738
9.389999999999844 0.56545349509
9.399999999999844 0.569497400347
9.409999999999844 0.568573079145
9.419999999999844 0.564182553437
9.429999999999843 0.564240323512
9.439999999999843 0.563200462161
9.449999999999843 0.572443674177
9.459999999999843 0.569208549971
9.469999999999843 0.568861929521
9.479999999999842 0.56308492201
9.489999999999842 0.567937608319
9.499999999999842 0.567879838244
9.509999999999842 0.562045060659
9.519999999999841 0.567128827267
9.529999999999841 0.56002310803
9.539999999999841 0.566897746967
9.54999999999984 0.563951473137
9.55999999999984 0.567475447718
9.56999999999984 0.565973425765
9.57999999999984 0.563027151935
9.58999999999984 0.569555170422
9.59999999999984 0.561640670133
9.60999999999984 0.566031195841
9.61999999999984 0.565511265165
9.62999999999984 0.571403812825
9.639999999999839 0.564009243212
9.649999999999839 0.566262276141
9.659999999999838 0.564124783362
9.669999999999838 0.572154823801
9.679999999999838 0.569786250722
9.689999999999838 0.565857885615
9.699999999999838 0.563373772386
9.709999999999837 0.565049104564
9.719999999999837 0.565049104564
9.729999999999837 0.563547082611
9.739999999999837 0.563720392837
9.749999999999837 0.566608896592
9.759999999999836 0.564586943963
9.769999999999836 0.568457538995
9.779999999999836 0.564818024263
9.789999999999836 0.564760254188
9.799999999999836 0.563778162912
9.809999999999835 0.560311958406
9.819999999999835 0.559734257655
9.829999999999835 0.561871750433
9.839999999999835 0.567648757943
9.849999999999834 0.564760254188
9.859999999999834 0.565222414789
9.869999999999834 0.558001155402
9.879999999999834 0.562160600809
9.889999999999834 0.564644714038
9.899999999999833 0.56002310803
9.909999999999833 0.569381860196
9.919999999999833 0.565164644714
9.929999999999833 0.556268053148
9.939999999999833 0.560716348931
9.949999999999832 0.55990756788
9.959999999999832 0.560889659157
9.969999999999832 0.567417677643
9.979999999999832 0.561467359908
9.989999999999831 0.565280184864
9.999999999999831 0.561871750433
10.009999999999831 0.563951473137
10.01999999999983 0.564124783362
10.02999999999983 0.559560947429
10.03999999999983 0.563720392837
10.04999999999983 0.564355863663
10.05999999999983 0.563316002311
10.06999999999983 0.557827845176
10.07999999999983 0.561756210283
10.08999999999983 0.56262276141
10.09999999999983 0.56568457539
10.109999999999829 0.559445407279
10.119999999999829 0.562391681109
10.129999999999828 0.560311958406
10.139999999999828 0.561294049682
10.149999999999828 0.564702484113
10.159999999999828 0.562276140959
10.169999999999828 0.564644714038
10.179999999999827 0.561698440208
10.189999999999827 0.555574812247
10.199999999999827 0.569901790872
10.209999999999827 0.560716348931
10.219999999999827 0.557654534951
10.229999999999826 0.564009243212
10.239999999999826 0.562276140959
10.249999999999826 0.565164644714
10.259999999999826 0.561640670133
10.269999999999825 0.56580011554
10.279999999999825 0.563431542461
10.289999999999825 0.563720392837
10.299999999999825 0.555574812247
10.309999999999825 0.559676487579
10.319999999999824 0.563720392837
10.329999999999824 0.561871750433
10.339999999999824 0.563431542461
10.349999999999824 0.567533217793
10.359999999999824 0.56002310803
10.369999999999823 0.559214326979
10.379999999999823 0.562276140959
10.389999999999823 0.568110918544
10.399999999999823 0.561987290583
10.409999999999823 0.563489312536
10.419999999999822 0.559618717504
10.429999999999822 0.558290005777
10.439999999999822 0.562796071635
10.449999999999822 0.565626805315
10.459999999999821 0.561005199307
10.469999999999821 0.563951473137
10.479999999999821 0.562911611785
10.48999999999982 0.555921432698
10.49999999999982 0.562276140959
10.50999999999982 0.55719237435
10.51999999999982 0.557481224726
10.52999999999982 0.565626805315
10.53999999999982 0.56002310803
10.54999999999982 0.555170421722
10.55999999999982 0.553495089544
10.569999999999819 0.561698440208
10.579999999999819 0.55990756788
10.589999999999819 0.557770075101
10.599999999999818 0.557827845176
10.609999999999818 0.564009243212
10.619999999999818 0.559618717504
10.629999999999818 0.559041016753
10.639999999999818 0.566204506066
10.649999999999817 0.560658578856
10.659999999999817 0.557770075101
10.669999999999817 0.563200462161
10.679999999999817 0.566493356441
10.689999999999817 0.561351819757
10.699999999999816 0.564529173888
10.709999999999816 0.558578856153
10.719999999999816 0.560889659157
10.729999999999816 0.563951473137
10.739999999999815 0.557250144425
10.749999999999815 0.559214326979
10.759999999999815 0.553552859619
10.769999999999815 0.562333911034
10.779999999999815 0.561640670133
10.789999999999814 0.559676487579
10.799999999999814 0.557770075101
10.809999999999814 0.554939341421
10.819999999999814 0.557134604275
10.829999999999814 0.557134604275
10.839999999999813 0.555979202773
10.849999999999813 0.567475447718
10.859999999999813 0.560427498556
10.869999999999813 0.55979202773
10.879999999999812 0.554823801271
10.889999999999812 0.554997111496
10.899999999999812 0.556036972848
10.909999999999812 0.556614673599
10.919999999999812 0.562507221259
10.929999999999811 0.55696129405
10.939999999999811 0.561351819757
10.949999999999811 0.558174465627
10.95999999999981 0.558058925477
10.96999999999981 0.553957250144
10.97999999999981 0.555054881571
10.98999999999981 0.559387637204
10.99999999999981 0.55696129405
11.00999999999981 0.565222414789
11.01999999999981 0.553264009243
11.02999999999981 0.555112651646
11.039999999999809 0.559618717504
11.049999999999809 0.562333911034
11.059999999999809 0.555690352397
11.069999999999808 0.556152512998
11.079999999999808 0.56025418833
11.089999999999808 0.557481224726
11.099999999999808 0.558809936453
11.109999999999808 0.553264009243
11.119999999999807 0.556614673599
11.129999999999807 0.560196418255
11.139999999999807 0.557770075101
11.149999999999807 0.551935297516
11.159999999999807 0.559098786828
11.169999999999806 0.553379549393
11.179999999999806 0.556441363374
11.189999999999806 0.561467359908
11.199999999999806 0.560369728481
11.209999999999805 0.558521086077
11.219999999999805 0.557134604275
11.229999999999805 0.555748122473
11.239999999999805 0.556845753899
11.249999999999805 0.559676487579
11.259999999999804 0.556499133449
11.269999999999804 0.553841709994
11.279999999999804 0.552975158868
11.289999999999804 0.561582900058
11.299999999999804 0.56308492201
11.309999999999803 0.556672443674
11.319999999999803 0.567359907568
11.329999999999803 0.550837666089
11.339999999999803 0.55742345465
11.349999999999802 0.554766031196
11.359999999999802 0.556672443674
11.369999999999802 0.555517042172
11.379999999999802 0.555401502022
11.389999999999802 0.554188330445
11.399999999999801 0.560600808781
11.409999999999801 0.553783939919
11.419999999999801 0.549855574812
11.4299999999998 0.553610629694
11.4399999999998 0.558636626228
11.4499999999998 0.557019064125
11.4599999999998 0.555343731947
11.4699999999998 0.555748122473
11.4799999999998 0.55979202773
11.4899999999998 0.560080878105
11.4999999999998 0.554303870595
11.509999999999799 0.550664355864
11.519999999999799 0.559214326979
11.529999999999799 0.562449451184
11.539999999999798 0.551877527441
11.549999999999798 0.557538994801
11.559999999999798 0.553264009243
11.569999999999798 0.555112651646
11.579999999999798 0.552917388793
11.589999999999797 0.557827845176
11.599999999999797 0.553321779318
11.609999999999797 0.550317735413
11.619999999999797 0.558636626228
11.629999999999797 0.556325823224
11.639999999999796 0.55413056037
11.649999999999796 0.547833622184
11.659999999999796 0.556268053148
11.669999999999796 0.550144425188
11.679999999999795 0.553032928943
11.689999999999795 0.553668399769
11.699999999999795 0.555228191797
11.709999999999795 0.554592720971
11.719999999999795 0.556614673599
11.729999999999794 0.554072790295
11.739999999999794 0.559676487579
11.749999999999794 0.559445407279
11.759999999999794 0.558694396303
11.769999999999794 0.552455228192
11.779999999999793 0.552050837666
11.789999999999793 0.552050837666
11.799999999999793 0.548931253611
11.809999999999793 0.553206239168
11.819999999999792 0.554939341421
11.829999999999792 0.555921432698
11.839999999999792 0.560485268631
11.849999999999792 0.553321779318
11.859999999999792 0.554072790295
11.869999999999791 0.550375505488
11.879999999999791 0.551993067591
11.889999999999791 0.561467359908
11.89999999999979 0.559329867129
11.90999999999979 0.555170421722
11.91999999999979 0.558867706528
11.92999999999979 0.549797804737
11.93999999999979 0.549104563836
11.94999999999979 0.550433275563
11.95999999999979 0.5570768342
11.96999999999979 0.552339688042
11.979999999999789 0.552686308492
11.989999999999789 0.555921432698
11.999999999999789 0.550028885038
12.009999999999788 0.552166377816
12.019999999999788 0.557885615251
12.029999999999788 0.551242056615
12.039999999999788 0.550086655113
12.049999999999788 0.553495089544
12.059999999999787 0.553264009243
12.069999999999787 0.556499133449
12.079999999999787 0.55164644714
12.089999999999787 0.554823801271
12.099999999999786 0.559156556904
12.109999999999786 0.555517042172
12.119999999999786 0.549855574812
12.129999999999786 0.551242056615
12.139999999999786 0.558983246678
12.149999999999785 0.551935297516
12.159999999999785 0.551068746389
12.169999999999785 0.558290005777
12.179999999999785 0.554708261121
12.189999999999785 0.556325823224
12.199999999999784 0.548642403235
12.209999999999784 0.557596764876
12.219999999999784 0.555343731947
12.229999999999784 0.552628538417
12.239999999999783 0.548757943385
12.249999999999783 0.558925476603
12.259999999999783 0.549797804737
12.269999999999783 0.555112651646
12.279999999999783 0.552859618718
12.289999999999782 0.556383593299
12.299999999999782 0.549335644136
12.309999999999782 0.556325823224
12.319999999999782 0.548238012709
12.329999999999782 0.545407279029
12.339999999999781 0.554592720971
12.349999999999781 0.552801848642
12.359999999999781 0.549682264587
12.36999999999978 0.551242056615
12.37999999999978 0.550722125939
12.38999999999978 0.555054881571
12.39999999999978 0.554419410745
12.40999999999978 0.547429231658
12.41999999999978 0.551704217215
12.42999999999978 0.551993067591
12.43999999999978 0.552859618718
12.449999999999779 0.551704217215
12.459999999999779 0.552801848642
12.469999999999779 0.559618717504
12.479999999999778 0.556672443674
12.489999999999778 0.554881571346
12.499999999999778 0.554650491046
12.509999999999778 0.555979202773
12.519999999999778 0.551588677065
12.529999999999777 0.551242056615
12.539999999999777 0.556903523975
12.549999999999777 0.557827845176
12.559999999999777 0.548931253611
12.569999999999776 0.554881571346
12.579999999999776 0.551704217215
12.589999999999776 0.554766031196
12.599999999999776 0.555343731947
12.609999999999776 0.55424610052
12.619999999999775 0.556152512998
12.629999999999775 0.554997111496
12.639999999999775 0.553957250144
12.649999999999775 0.550895436164
12.659999999999775 0.549220103986
12.669999999999774 0.558578856153
12.679999999999774 0.558058925477
12.689999999999774 0.552050837666
12.699999999999774 0.551473136915
12.709999999999773 0.555285961872
12.719999999999773 0.555170421722
12.729999999999773 0.551704217215
12.739999999999773 0.550953206239
12.749999999999773 0.553783939919
12.759999999999772 0.550664355864
12.769999999999772 0.55141536684
12.779999999999772 0.548064702484
12.789999999999772 0.555574812247
12.799999999999772 0.552108607741
12.809999999999771 0.548873483536
12.819999999999771 0.549740034662
12.829999999999771 0.556499133449
12.83999999999977 0.553206239168
12.84999999999977 0.550606585789
12.85999999999977 0.552686308492
12.86999999999977 0.547313691508
12.87999999999977 0.549797804737
12.88999999999977 0.553379549393
12.89999999999977 0.556325823224
12.90999999999977 0.546967071057
12.919999999999769 0.550548815713
12.929999999999769 0.554997111496
12.939999999999769 0.552281917966
12.949999999999768 0.556441363374
12.959999999999768 0.546678220682
12.969999999999768 0.549508954362
12.979999999999768 0.555632582322
12.989999999999768 0.551877527441
12.999999999999767 0.554708261121
13.009999999999767 0.55153090699
13.019999999999767 0.55118428654
13.029999999999767 0.550491045638
13.039999999999766 0.547718082034
13.049999999999766 0.551242056615
13.059999999999766 0.54280762565
13.069999999999766 0.554708261121
13.079999999999766 0.553552859619
13.089999999999765 0.549508954362
13.099999999999765 0.552628538417
13.109999999999765 0.552224147891
13.119999999999765 0.549451184287
13.129999999999765 0.550375505488
13.139999999999764 0.556383593299
13.149999999999764 0.544945118429
13.159999999999764 0.551993067591
13.169999999999764 0.553495089544
13.179999999999763 0.553957250144
13.189999999999763 0.548757943385
13.199999999999763 0.552339688042
13.209999999999763 0.549046793761
13.219999999999763 0.556903523975
13.229999999999762 0.546504910456
13.239999999999762 0.559156556904
13.249999999999762 0.549913344887
13.259999999999762 0.552166377816
13.269999999999762 0.554419410745
13.279999999999761 0.549335644136
13.289999999999761 0.549682264587
13.299999999999761 0.553321779318
13.30999999999976 0.548006932409
13.31999999999976 0.550028885038
13.32999999999976 0.547660311958
13.33999999999976 0.546331600231
13.34999999999976 0.553264009243
13.35999999999976 0.547602541883
13.36999999999976 0.549971114962
13.37999999999976 0.555517042172
13.389999999999759 0.551068746389
13.399999999999759 0.545060658579
13.409999999999759 0.550664355864
13.419999999999758 0.549335644136
13.429999999999758 0.544136337377
13.439999999999758 0.547833622184
13.449999999999758 0.549797804737
13.459999999999757 0.54835355286
13.469999999999757 0.550837666089
13.479999999999757 0.551357596765
13.489999999999757 0.548931253611
13.499999999999757 0.551126516464
13.509999999999756 0.554592720971
13.519999999999756 0.55153090699
13.529999999999756 0.552108607741
13.539999999999756 0.547140381282
13.549999999999756 0.544714038128
13.559999999999755 0.552686308492
13.569999999999755 0.550953206239
13.579999999999755 0.552975158868
13.589999999999755 0.551704217215
13.599999999999755 0.547371461583
13.609999999999754 0.550491045638
13.619999999999754 0.553264009243
13.629999999999754 0.544887348354
13.639999999999754 0.544251877527
13.649999999999753 0.551068746389
13.659999999999753 0.554939341421
13.669999999999753 0.550375505488
13.679999999999753 0.553032928943
13.689999999999753 0.550722125939
13.699999999999752 0.543500866551
13.709999999999752 0.549971114962
13.719999999999752 0.547833622184
13.729999999999752 0.550144425188
13.739999999999752 0.553957250144
13.749999999999751 0.55164644714
13.759999999999751 0.561120739457
13.76999999999975 0.547487001733
13.77999999999975 0.551068746389
13.78999999999975 0.551068746389
13.79999999999975 0.55447718082
13.80999999999975 0.549335644136
13.81999999999975 0.552628538417
13.82999999999975 0.548642403235
13.83999999999975 0.547775852109
13.84999999999975 0.548238012709
13.859999999999749 0.544829578278
13.869999999999749 0.550028885038
13.879999999999749 0.549393414211
13.889999999999748 0.554766031196
13.899999999999748 0.554650491046
13.909999999999748 0.552744078567
13.919999999999748 0.55129982669
13.929999999999747 0.551126516464
13.939999999999747 0.549740034662
13.949999999999747 0.552108607741
13.959999999999747 0.556210283073
13.969999999999747 0.550953206239
13.979999999999746 0.551357596765
13.989999999999746 0.552108607741
13.999999999999746 0.54870017331
14.009999999999746 0.550606585789
14.019999999999746 0.54870017331
14.029999999999745 0.54586943963
14.039999999999745 0.546735990757
14.049999999999745 0.552397458117
14.059999999999745 0.548931253611
14.069999999999744 0.548006932409
14.079999999999744 0.550548815713
14.089999999999744 0.548873483536
14.099999999999744 0.547198151358
14.109999999999744 0.549682264587
14.119999999999743 0.54870017331
14.129999999999743 0.546273830156
14.139999999999743 0.545927209705
14.149999999999743 0.544656268053
14.159999999999743 0.547487001733
14.169999999999742 0.553668399769
14.179999999999742 0.545060658579
14.189999999999742 0.549566724437
14.199999999999742 0.551704217215
14.209999999999742 0.550491045638
14.219999999999741 0.55118428654
14.229999999999741 0.547949162334
14.23999999999974 0.543558636626
14.24999999999974 0.551010976314
14.25999999999974 0.546735990757
14.26999999999974 0.54881571346
14.27999999999974 0.547660311958
14.28999999999974 0.548989023686
14.29999999999974 0.543212016176
14.30999999999974 0.544309647603
14.31999999999974 0.548122472559
14.329999999999739 0.547429231658
14.339999999999739 0.546851530907
14.349999999999739 0.547255921433
14.359999999999738 0.551761987291
14.369999999999738 0.547602541883
14.379999999999738 0.545407279029
14.389999999999738 0.543789716927
14.399999999999737 0.548295782785
14.409999999999737 0.546100519931
14.419999999999737 0.546331600231
14.429999999999737 0.547891392259
14.439999999999737 0.550202195263
14.449999999999736 0.546447140381
14.459999999999736 0.551357596765
14.469999999999736 0.549971114962
14.479999999999736 0.547544771808
14.489999999999736 0.548931253611
14.499999999999735 0.54586943963
14.509999999999735 0.550779896014
14.519999999999735 0.545002888504
14.529999999999735 0.556210283073
14.539999999999734 0.549913344887
14.549999999999734 0.549740034662
14.559999999999734 0.547775852109
14.569999999999734 0.548411322935
14.579999999999734 0.552108607741
14.589999999999733 0.552455228192
14.599999999999733 0.546909300982
14.609999999999733 0.547891392259
14.619999999999733 0.545927209705
14.629999999999733 0.549393414211
14.639999999999732 0.54598497978
14.649999999999732 0.550028885038
14.659999999999732 0.55153090699
14.669999999999732 0.552166377816
14.679999999999731 0.543212016176
14.689999999999731 0.548122472559
14.699999999999731 0.544598497978
14.70999999999973 0.549104563836
14.71999999999973 0.552975158868
14.72999999999973 0.550433275563
14.73999999999973 0.545580589255
14.74999999999973 0.544598497978
14.75999999999973 0.547024841132
14.76999999999973 0.543963027152
14.77999999999973 0.544309647603
14.78999999999973 0.545927209705
14.799999999999729 0.549335644136
14.809999999999729 0.550664355864
14.819999999999729 0.541652224148
14.829999999999728 0.544656268053
14.839999999999728 0.542172154824
14.849999999999728 0.545465049105
14.859999999999728 0.542403235124
14.869999999999727 0.543212016176
14.879999999999727 0.549855574812
14.889999999999727 0.550664355864
14.899999999999727 0.541074523397
14.909999999999727 0.545407279029
14.919999999999726 0.542518775274
14.929999999999726 0.544309647603
14.939999999999726 0.544194107452
14.949999999999726 0.544251877527
14.959999999999726 0.546967071057
14.969999999999725 0.545002888504
14.979999999999725 0.547660311958
14.989999999999725 0.551704217215
14.999999999999725 0.545580589255
15.009999999999724 0.54835355286
15.019999999999724 0.544771808203
15.029999999999724 0.543154246101
15.039999999999724 0.550606585789
15.049999999999724 0.540670132871
15.059999999999723 0.55164644714
15.069999999999723 0.544020797227
15.079999999999723 0.542461005199
15.089999999999723 0.542172154824
15.099999999999723 0.543154246101
15.109999999999722 0.552224147891
15.119999999999722 0.544251877527
15.129999999999722 0.547429231658
15.139999999999722 0.53997689197
15.149999999999721 0.549393414211
15.159999999999721 0.541536683998
15.169999999999721 0.544367417678
15.17999999999972 0.544309647603
15.18999999999972 0.543500866551
15.19999999999972 0.544078567302
15.20999999999972 0.544367417678
15.21999999999972 0.54598497978
15.22999999999972 0.543616406701
15.23999999999972 0.547313691508
15.24999999999972 0.546216060081
15.25999999999972 0.539399191219
15.269999999999719 0.544714038128
15.279999999999719 0.549162333911
15.289999999999718 0.54280762565
15.299999999999718 0.547255921433
15.309999999999718 0.548122472559
15.319999999999718 0.544309647603
15.329999999999718 0.549104563836
15.339999999999717 0.549451184287
15.349999999999717 0.540727902946
15.359999999999717 0.544309647603
15.369999999999717 0.548180242634
15.379999999999717 0.544656268053
15.389999999999716 0.544598497978
15.399999999999716 0.542403235124
15.409999999999716 0.547949162334
15.419999999999716 0.542865395725
15.429999999999715 0.542287694974
15.439999999999715 0.544771808203
15.449999999999715 0.54575389948
15.459999999999715 0.544714038128
15.469999999999715 0.546967071057
15.479999999999714 0.540958983247
15.489999999999714 0.547718082034
15.499999999999714 0.545060658579
15.509999999999714 0.550491045638
15.519999999999714 0.546331600231
15.529999999999713 0.547140381282
15.539999999999713 0.540381282496
15.549999999999713 0.537435008666
15.559999999999713 0.545465049105
15.569999999999713 0.548642403235
15.579999999999712 0.545176198729
15.589999999999712 0.545349508954
15.599999999999712 0.550433275563
15.609999999999712 0.539514731369
15.619999999999711 0.545002888504
15.629999999999711 0.541709994223
15.639999999999711 0.549046793761
15.64999999999971 0.539919121895
15.65999999999971 0.541247833622
15.66999999999971 0.546158290006
15.67999999999971 0.546678220682
15.68999999999971 0.544136337377
15.69999999999971 0.544771808203
15.70999999999971 0.545407279029
15.71999999999971 0.538417099942
15.729999999999709 0.543327556326
15.739999999999709 0.54870017331
15.749999999999709 0.544945118429
15.759999999999708 0.541478913923
15.769999999999708 0.546042749856
15.779999999999708 0.546100519931
15.789999999999708 0.547660311958
15.799999999999708 0.544540727903
15.809999999999707 0.548757943385
15.819999999999707 0.540958983247
15.829999999999707 0.544656268053
15.839999999999707 0.547024841132
15.849999999999707 0.54257654535
15.859999999999706 0.546562680531
15.869999999999706 0.541074523397
15.879999999999706 0.552801848642
15.889999999999706 0.542518775274
15.899999999999705 0.540785673021
15.909999999999705 0.542518775274
15.919999999999705 0.544136337377
15.929999999999705 0.551242056615
15.939999999999705 0.542287694974
15.949999999999704 0.546793760832
15.959999999999704 0.54563835933
15.969999999999704 0.546620450607
15.979999999999704 0.541709994223
15.989999999999704 0.547371461583
15.999999999999703 0.544887348354
16.009999999999703 0.543789716927
16.019999999999705 0.548931253611
16.029999999999706 0.546967071057
16.039999999999708 0.544540727903
16.04999999999971 0.543269786251
16.05999999999971 0.53703061814
16.069999999999713 0.546735990757
16.079999999999714 0.54586943963
16.089999999999716 0.549566724437
16.099999999999717 0.549624494512
16.10999999999972 0.541478913923
16.11999999999972 0.547024841132
16.129999999999722 0.54552281918
16.139999999999723 0.547544771808
16.149999999999725 0.545927209705
16.159999999999727 0.5429231658
16.169999999999728 0.543443096476
16.17999999999973 0.539168110919
16.18999999999973 0.547602541883
16.199999999999733 0.543558636626
16.209999999999734 0.548989023686
16.219999999999736 0.543500866551
16.229999999999738 0.544656268053
16.23999999999974 0.5429231658
16.24999999999974 0.539803581745
16.259999999999742 0.54846909301
16.269999999999744 0.538070479492
16.279999999999745 0.53974581167
16.289999999999747 0.546851530907
16.29999999999975 0.539688041594
16.30999999999975 0.544251877527
16.31999999999975 0.543269786251
16.329999999999753 0.546447140381
16.339999999999755 0.542749855575
16.349999999999756 0.545349508954
16.359999999999758 0.540150202195
16.36999999999976 0.543616406701
16.37999999999976 0.535990756788
16.389999999999763 0.5429231658
16.399999999999764 0.54009243212
16.409999999999766 0.546273830156
16.419999999999767 0.544194107452
16.42999999999977 0.537723859041
16.43999999999977 0.547544771808
16.449999999999772 0.539052570768
16.459999999999773 0.541074523397
16.469999999999775 0.536279607163
16.479999999999777 0.548180242634
16.489999999999778 0.545349508954
16.49999999999978 0.547140381282
16.50999999999978 0.543905257077
16.519999999999783 0.541998844598
16.529999999999784 0.546158290006
16.539999999999786 0.543096476025
16.549999999999788 0.538994800693
16.55999999999979 0.547891392259
16.56999999999979 0.542345465049
16.579999999999792 0.539168110919
16.589999999999794 0.544367417678
16.599999999999795 0.546620450607
16.609999999999797 0.538994800693
16.6199999999998 0.541709994223
16.6299999999998 0.540265742345
16.6399999999998 0.546216060081
16.649999999999803 0.539399191219
16.659999999999805 0.539688041594
16.669999999999806 0.546504910456
16.679999999999808 0.546216060081
16.68999999999981 0.546851530907
16.69999999999981 0.538763720393
16.709999999999813 0.539168110919
16.719999999999814 0.548122472559
16.729999999999816 0.538474870017
16.739999999999817 0.543269786251
16.74999999999982 0.545002888504
16.75999999999982 0.537781629116
16.769999999999822 0.542345465049
16.779999999999824 0.544887348354
16.789999999999825 0.544887348354
16.799999999999827 0.542749855575
16.809999999999828 0.5426920855
16.81999999999983 0.550433275563
16.82999999999983 0.544656268053
16.839999999999833 0.548180242634
16.849999999999834 0.541883304448
16.859999999999836 0.540150202195
16.869999999999838 0.53986135182
16.87999999999984 0.539456961294
16.88999999999984 0.535932986713
16.899999999999842 0.54009243212
16.909999999999844 0.545060658579
16.919999999999845 0.544656268053
16.929999999999847 0.543674176776
16.93999999999985 0.542172154824
16.94999999999985 0.545176198729
16.95999999999985 0.546158290006
16.969999999999853 0.537666088966
16.979999999999855 0.543443096476
16.989999999999856 0.553321779318
16.999999999999858 0.544136337377
17.00999999999986 0.544194107452
17.01999999999986 0.541594454073
17.029999999999863 0.540439052571
17.039999999999864 0.53997689197
17.049999999999866 0.538243789717
17.059999999999867 0.542403235124
17.06999999999987 0.545465049105
17.07999999999987 0.542229924899
17.089999999999872 0.545118428654
17.099999999999874 0.540381282496
17.109999999999875 0.541478913923
17.119999999999877 0.541536683998
17.129999999999878 0.540381282496
17.13999999999988 0.543616406701
17.14999999999988 0.543443096476
17.159999999999883 0.544136337377
17.169999999999884 0.54575389948
17.179999999999886 0.542172154824
17.189999999999888 0.551126516464
17.19999999999989 0.545811669555
17.20999999999989 0.544136337377
17.219999999999892 0.538879260543
17.229999999999894 0.545696129405
17.239999999999895 0.542403235124
17.249999999999897 0.542345465049
17.2599999999999 0.545407279029
17.2699999999999 0.533853264009
17.2799999999999 0.543269786251
17.289999999999903 0.544945118429
17.299999999999905 0.546331600231
17.309999999999906 0.540901213172
17.319999999999908 0.538648180243
17.32999999999991 0.546216060081
17.33999999999991 0.541016753322
17.349999999999913 0.541363373772
17.359999999999914 0.545291738879
17.369999999999916 0.536164067013
17.379999999999917 0.541478913923
17.38999999999992 0.54552281918
17.39999999999992 0.542114384749
17.409999999999922 0.542518775274
17.419999999999924 0.541305603697
17.429999999999925 0.549913344887
17.439999999999927 0.537088388215
17.44999999999993 0.541190063547
17.45999999999993 0.541363373772
17.46999999999993 0.544945118429
17.479999999999933 0.541247833622
17.489999999999934 0.542980935875
17.499999999999936 0.546158290006
17.509999999999938 0.538128249567
17.51999999999994 0.542287694974
17.52999999999994 0.540785673021
17.539999999999942 0.544482957828
17.549999999999944 0.539341421144
17.559999999999945 0.543443096476
17.569999999999947 0.549393414211
17.57999999999995 0.542634315425
17.58999999999995 0.539688041594
17.59999999999995 0.54280762565
17.609999999999953 0.540323512421
17.619999999999955 0.544887348354
17.629999999999956 0.544829578278
17.639999999999958 0.539803581745
17.64999999999996 0.544078567302
17.65999999999996 0.5426920855
17.669999999999963 0.546216060081
17.679999999999964 0.544482957828
17.689999999999966 0.541652224148
17.699999999999967 0.544945118429
17.70999999999997 0.544945118429
17.71999999999997 0.543327556326
17.729999999999972 0.547487001733
17.739999999999974 0.537608318891
17.749999999999975 0.543096476025
17.759999999999977 0.541190063547
17.76999999999998 0.543327556326
17.77999999999998 0.545118428654
17.78999999999998 0.543327556326
17.799999999999983 0.541998844598
17.809999999999985 0.531022530329
17.819999999999986 0.548006932409
17.829999999999988 0.531889081456
17.83999999999999 0.544367417678
17.84999999999999 0.537781629116
17.859999999999992 0.539688041594
17.869999999999994 0.542980935875
17.879999999999995 0.537319468515
17.889999999999997 0.537203928365
17.9 0.541305603697
17.91 0.537550548816
17.92 0.546331600231
17.930000000000003 0.538012709417
17.940000000000005 0.537897169266
17.950000000000006 0.537954939341
17.960000000000008 0.5426920855
17.97000000000001 0.548295782785
17.98000000000001 0.545696129405
17.990000000000013 0.543500866551
18.000000000000014 0.544367417678
18.010000000000016 0.541421143847
18.020000000000017 0.547255921433
18.03000000000002 0.536395147314
18.04000000000002 0.540034662045
18.050000000000022 0.54563835933
18.060000000000024 0.544771808203
18.070000000000025 0.539225880994
18.080000000000027 0.53997689197
18.09000000000003 0.538243789717
18.10000000000003 0.544714038128
18.11000000000003 0.545349508954
18.120000000000033 0.543385326401
18.130000000000035 0.539630271519
18.140000000000036 0.545927209705
18.150000000000038 0.542518775274
18.16000000000004 0.545176198729
18.17000000000004 0.537897169266
18.180000000000042 0.542518775274
18.190000000000044 0.544078567302
18.200000000000045 0.540785673021
18.210000000000047 0.547255921433
18.22000000000005 0.542461005199
18.23000000000005 0.541305603697
18.24000000000005 0.5429231658
18.250000000000053 0.542172154824
18.260000000000055 0.544367417678
18.270000000000056 0.539688041594
18.280000000000058 0.54586943963
18.29000000000006 0.540958983247
18.30000000000006 0.536279607163
18.310000000000063 0.539168110919
18.320000000000064 0.541016753322
18.330000000000066 0.540439052571
18.340000000000067 0.536626227614
18.35000000000007 0.5429231658
18.36000000000007 0.5426920855
18.370000000000072 0.539688041594
18.380000000000074 0.547082611207
18.390000000000075 0.539283651069
18.400000000000077 0.536221837088
18.41000000000008 0.54303870595
18.42000000000008 0.539399191219
18.43000000000008 0.537954939341
18.440000000000083 0.544078567302
18.450000000000085 0.540554592721
18.460000000000086 0.545291738879
18.470000000000088 0.541998844598
18.48000000000009 0.541363373772
18.49000000000009 0.549508954362
18.500000000000092 0.547602541883
18.510000000000094 0.540843443096
18.520000000000095 0.538879260543
18.530000000000097 0.539803581745
18.5400000000001 0.542172154824
18.5500000000001 0.542287694974
18.5600000000001 0.541652224148
18.570000000000103 0.537319468515
18.580000000000105 0.543674176776
18.590000000000106 0.538070479492
18.600000000000108 0.544136337377
18.61000000000011 0.547082611207
18.62000000000011 0.538128249567
18.630000000000113 0.540265742345
18.640000000000114 0.539630271519
18.650000000000116 0.541883304448
18.660000000000117 0.541247833622
18.67000000000012 0.547775852109
18.68000000000012 0.54009243212
18.690000000000122 0.533448873484
18.700000000000124 0.545465049105
18.710000000000125 0.544598497978
18.720000000000127 0.5429231658
18.73000000000013 0.542865395725
18.74000000000013 0.541767764298
18.75000000000013 0.532524552282
18.760000000000133 0.544078567302
18.770000000000135 0.543385326401
18.780000000000136 0.542518775274
18.790000000000138 0.544656268053
18.80000000000014 0.54257654535
18.81000000000014 0.542345465049
18.820000000000142 0.537954939341
18.830000000000144 0.537492778741
18.840000000000146 0.544771808203
18.850000000000147 0.543789716927
18.86000000000015 0.543385326401
18.87000000000015 0.535586366262
18.88000000000015 0.540958983247
18.890000000000153 0.537608318891
18.900000000000155 0.537839399191
18.910000000000156 0.541421143847
18.920000000000158 0.536452917389
18.93000000000016 0.53974581167
18.94000000000016 0.544829578278
18.950000000000163 0.542980935875
18.960000000000164 0.536106296938
18.970000000000166 0.544078567302
18.980000000000167 0.542287694974
18.99000000000017 0.53726169844
19.00000000000017 0.544829578278
19.010000000000172 0.538243789717
19.020000000000174 0.538128249567
19.030000000000175 0.53986135182
19.040000000000177 0.544714038128
19.05000000000018 0.537492778741
19.06000000000018 0.534719815136
19.07000000000018 0.538474870017
19.080000000000183 0.544714038128
19.090000000000185 0.541132293472
19.100000000000186 0.53974581167
19.110000000000188 0.53691507799
19.12000000000019 0.538417099942
19.13000000000019 0.535413056037
19.140000000000192 0.54586943963
19.150000000000194 0.542634315425
19.160000000000196 0.541594454073
19.170000000000197 0.543096476025
19.1800000000002 0.534604274986
19.1900000000002 0.539630271519
19.200000000000202 0.538994800693
19.210000000000203 0.542172154824
19.220000000000205 0.536221837088
19.230000000000206 0.541767764298
19.240000000000208 0.539168110919
19.25000000000021 0.546562680531
19.26000000000021 0.544194107452
19.270000000000213 0.543443096476
19.280000000000214 0.545233968804
19.290000000000216 0.54257654535
19.300000000000217 0.546793760832
19.31000000000022 0.541998844598
19.32000000000022 0.542229924899
19.330000000000222 0.542461005199
19.340000000000224 0.542403235124
19.350000000000225 0.536857307915
19.360000000000227 0.539572501444
19.37000000000023 0.538937030618
19.38000000000023 0.543963027152
19.39000000000023 0.539630271519
19.400000000000233 0.541825534373
19.410000000000235 0.543905257077
19.420000000000236 0.536395147314
19.430000000000238 0.542229924899
19.44000000000024 0.545291738879
19.45000000000024 0.533853264009
19.460000000000242 0.543963027152
19.470000000000244 0.536972848065
19.480000000000246 0.537550548816
19.490000000000247 0.539514731369
19.50000000000025 0.541363373772
19.51000000000025 0.5429231658
19.520000000000252 0.543963027152
19.530000000000253 0.542287694974
19.540000000000255 0.538763720393
19.550000000000257 0.536164067013
19.560000000000258 0.543154246101
19.57000000000026 0.538648180243
19.58000000000026 0.537319468515
19.590000000000263 0.539630271519
19.600000000000264 0.543500866551
19.610000000000266 0.540381282496
19.620000000000267 0.537608318891
19.63000000000027 0.540496822646
19.64000000000027 0.539341421144
19.650000000000272 0.539572501444
19.660000000000274 0.535932986713
19.670000000000275 0.542345465049
19.680000000000277 0.541247833622
19.69000000000028 0.538821490468
19.70000000000028 0.540554592721
19.71000000000028 0.539514731369
19.720000000000283 0.543963027152
19.730000000000285 0.536799537839
19.740000000000286 0.5426920855
19.750000000000288 0.541421143847
19.76000000000029 0.543443096476
19.77000000000029 0.535355285962
19.780000000000292 0.541363373772
19.790000000000294 0.543847487002
19.800000000000296 0.543789716927
19.810000000000297 0.535413056037
19.8200000000003 0.540554592721
19.8300000000003 0.532351242057
19.840000000000302 0.542980935875
19.850000000000303 0.538301559792
19.860000000000305 0.541883304448
19.870000000000307 0.534777585211
19.880000000000308 0.535932986713
19.89000000000031 0.539225880994
19.90000000000031 0.534662045061
19.910000000000313 0.543847487002
19.920000000000314 0.537781629116
19.930000000000316 0.537897169266
19.940000000000317 0.538821490468
19.95000000000032 0.543500866551
19.96000000000032 0.533448873484
19.970000000000322 0.544771808203
19.980000000000324 0.535701906412
19.990000000000325 0.534257654535
20.000000000000327 0.546100519931
20.01000000000033 0.540150202195
20.02000000000033 0.547313691508
20.03000000000033 0.535586366262
20.040000000000333 0.543558636626
20.050000000000335 0.539803581745
20.060000000000336 0.540323512421
20.070000000000338 0.533333333333
20.08000000000034 0.53691507799
20.09000000000034 0.54280762565