0.1 0.544916233391
0.2 0.574667822068
0.30000000000000004 0.588532640092
0.4 0.603841709994
0.5 0.596764875794
0.6 0.608030040439
0.7 0.601097631427
0.7999999999999999 0.613662622761
0.8999999999999999 0.611640670133
0.9999999999999999 0.616695551704
1.0999999999999999 0.612073945696
1.2 0.609329867129
1.3 0.611929520508
1.4000000000000001 0.615251299827
1.5000000000000002 0.617562102831
1.6000000000000003 0.607163489313
1.7000000000000004 0.606008087811
1.8000000000000005 0.618573079145
1.9000000000000006 0.61308492201
2.0000000000000004 0.610051993068
2.1000000000000005 0.608896591566
2.2000000000000006 0.603119584055
2.3000000000000007 0.600808781051
2.400000000000001 0.6073079145
2.500000000000001 0.612073945696
2.600000000000001 0.604563835933
2.700000000000001 0.604708261121
2.800000000000001 0.606152512998
2.9000000000000012 0.603697284806
3.0000000000000013 0.611929520508
3.1000000000000014 0.601386481802
3.2000000000000015 0.601675332178
3.3000000000000016 0.597920277296
3.4000000000000017 0.604852686308
3.5000000000000018 0.596187175043
3.600000000000002 0.602686308492
3.700000000000002 0.590554592721
3.800000000000002 0.603697284806
3.900000000000002 0.596187175043
4.000000000000002 0.595898324668
4.100000000000001 0.599220103986
4.200000000000001 0.597775852109
4.300000000000001 0.597487001733
4.4 0.588532640092
4.5 0.584055459272
4.6 0.596909300982
4.699999999999999 0.584633160023
4.799999999999999 0.591998844598
4.899999999999999 0.596042749856
5.0 0.585066435586
5.1 0.598497978047
5.199999999999999 0.587232813403
5.299999999999999 0.586943963027
5.399999999999999 0.586366262276
5.499999999999998 0.590121317158
5.599999999999998 0.589543616407
5.6999999999999975 0.580300404391
5.799999999999997 0.575678798382
5.899999999999997 0.586943963027
5.9999999999999964 0.583477758521
6.099999999999996 0.58290005777
6.199999999999996 0.57712305026
6.299999999999995 0.589399191219
6.399999999999995 0.58290005777
6.499999999999995 0.595176198729
6.599999999999994 0.582177931831
6.699999999999994 0.58290005777
6.799999999999994 0.588821490468
6.899999999999993 0.576400924321
6.999999999999993 0.578278451762
7.0999999999999925 0.57452339688
7.199999999999992 0.586655112652
7.299999999999992 0.571923743501
7.3999999999999915 0.583188908146
7.499999999999991 0.584488734835
7.599999999999991 0.591421143847
7.69999999999999 0.577411900635
7.79999999999999 0.579433853264
7.89999999999999 0.582611207395
7.999999999999989 0.586077411901
8.099999999999989 0.573945696129
8.199999999999989 0.578856152513
8.299999999999988 0.559647602542
8.399999999999988 0.57452339688
8.499999999999988 0.580444829578
8.599999999999987 0.571490467938
8.699999999999987 0.567735413056
8.799999999999986 0.569757365685
8.899999999999986 0.566002310803
8.999999999999986 0.573656845754
9.099999999999985 0.556759098787
9.199999999999985 0.570768341999
9.299999999999985 0.576112073946
9.399999999999984 0.565713460427
9.499999999999984 0.574956672444
9.599999999999984 0.553726169844
9.699999999999983 0.558781051415
9.799999999999983 0.576689774697
9.899999999999983 0.556470248411
9.999999999999982 0.566580011554
1.0 0.61568457539
1.01 0.61403812825
1.02 0.605632582322
1.03 0.611091854419
1.04 0.615164644714
1.05 0.617590987868
1.06 0.615597920277
1.07 0.612824956672
1.08 0.60849220104
1.09 0.621490467938
1.1 0.613518197574
1.11 0.610571923744
1.12 0.603726169844
1.1300000000000001 0.613778162912
1.1400000000000001 0.613258232236
1.1500000000000001 0.618024263432
1.1600000000000001 0.606325823224
1.1700000000000002 0.616551126516
1.1800000000000002 0.615771230503
1.1900000000000002 0.613258232236
1.2000000000000002 0.617937608319
1.2100000000000002 0.61993067591
1.2200000000000002 0.613258232236
1.2300000000000002 0.609272097054
1.2400000000000002 0.610571923744
1.2500000000000002 0.618197573657
1.2600000000000002 0.618110918544
1.2700000000000002 0.611351819757
1.2800000000000002 0.616031195841
1.2900000000000003 0.617590987868
1.3000000000000003 0.619150779896
1.3100000000000003 0.615944540728
1.3200000000000003 0.625909878683
1.3300000000000003 0.61733102253
1.3400000000000003 0.619670710572
1.3500000000000003 0.617417677643
1.3600000000000003 0.618284228769
1.3700000000000003 0.611611785095
1.3800000000000003 0.60979202773
1.3900000000000003 0.611091854419
1.4000000000000004 0.613171577123
1.4100000000000004 0.618544194107
1.4200000000000004 0.615164644714
1.4300000000000004 0.615511265165
1.4400000000000004 0.617764298094
1.4500000000000004 0.613778162912
1.4600000000000004 0.612998266898
1.4700000000000004 0.614558058925
1.4800000000000004 0.622530329289
1.4900000000000004 0.614124783362
1.5000000000000004 0.613431542461
1.5100000000000005 0.610225303293
1.5200000000000005 0.612564991334
1.5300000000000005 0.61568457539
1.5400000000000005 0.61013864818
1.5500000000000005 0.622183708839
1.5600000000000005 0.616811091854
1.5700000000000005 0.618284228769
1.5800000000000005 0.619237435009
1.5900000000000005 0.611265164645
1.6000000000000005 0.617504332756
1.6100000000000005 0.608925476603
1.6200000000000006 0.606499133449
1.6300000000000006 0.61733102253
1.6400000000000006 0.611265164645
1.6500000000000006 0.612131715771
1.6600000000000006 0.616637781629
1.6700000000000006 0.613431542461
1.6800000000000006 0.6143847487
1.6900000000000006 0.612651646447
1.7000000000000006 0.612564991334
1.7100000000000006 0.613518197574
1.7200000000000006 0.613258232236
1.7300000000000006 0.613864818024
1.7400000000000007 0.62452339688
1.7500000000000007 0.616117850953
1.7600000000000007 0.612218370884
1.7700000000000007 0.610485268631
1.7800000000000007 0.609878682842
1.7900000000000007 0.614124783362
1.8000000000000007 0.616724436742
1.8100000000000007 0.606412478336
1.8200000000000007 0.608058925477
1.8300000000000007 0.608405545927
1.8400000000000007 0.615077989601
1.8500000000000008 0.612218370884
1.8600000000000008 0.612218370884
1.8700000000000008 0.609185441941
1.8800000000000008 0.608578856153
1.8900000000000008 0.614818024263
1.9000000000000008 0.606585788562
1.9100000000000008 0.60719237435
1.9200000000000008 0.611958405546
1.9300000000000008 0.61308492201
1.9400000000000008 0.614991334489
1.9500000000000008 0.610918544194
1.9600000000000009 0.606065857886
1.9700000000000009 0.612824956672
1.9800000000000009 0.610398613518
1.9900000000000009 0.612998266898
0.0 0.532640092432
0.01 0.532062391681
0.02 0.537492778741
0.03 0.536164067013
0.04 0.540554592721
0.05 0.540265742345
0.060000000000000005 0.535817446563
0.07 0.536452917389
0.08 0.536741767764
0.09 0.541825534373
0.09999999999999999 0.549162333911
0.10999999999999999 0.545291738879
0.11999999999999998 0.548873483536
0.12999999999999998 0.553148469093
0.13999999999999999 0.559734257655
0.15 0.563027151935
0.16 0.568919699596
0.17 0.563489312536
0.18000000000000002 0.573136915078
0.19000000000000003 0.570190641248
0.20000000000000004 0.577642980936
0.21000000000000005 0.578162911612
0.22000000000000006 0.579780473715
0.23000000000000007 0.585557481225
0.24000000000000007 0.588619295205
0.25000000000000006 0.589081455806
0.26000000000000006 0.59139225881
0.2700000000000001 0.584575389948
0.2800000000000001 0.591738879261
0.2900000000000001 0.591334488735
0.3000000000000001 0.592258809936
0.3100000000000001 0.592836510687
0.3200000000000001 0.587983824379
0.3300000000000001 0.592778740612
0.34000000000000014 0.594049682265
0.35000000000000014 0.593356441363
0.36000000000000015 0.593240901213
0.37000000000000016 0.589890236857
0.38000000000000017 0.599422299249
0.3900000000000002 0.594800693241
0.4000000000000002 0.595031773541
0.4100000000000002 0.598440207972
0.4200000000000002 0.601386481802
0.4300000000000002 0.595840554593
0.4400000000000002 0.594916233391
0.45000000000000023 0.598209127672
0.46000000000000024 0.599075678798
0.47000000000000025 0.604448295783
0.48000000000000026 0.597978047371
0.49000000000000027 0.603292894281
0.5000000000000002 0.59988445985
0.5100000000000002 0.598093587522
0.5200000000000002 0.601733102253
0.5300000000000002 0.599191218949
0.5400000000000003 0.60566146736
0.5500000000000003 0.600635470826
0.5600000000000003 0.601270941652
0.5700000000000003 0.6
0.5800000000000003 0.608318890815
0.5900000000000003 0.602426343154
0.6000000000000003 0.60294627383
0.6100000000000003 0.607452339688
0.6200000000000003 0.610629693819
0.6300000000000003 0.600519930676
0.6400000000000003 0.603235124206
0.6500000000000004 0.60259965338
0.6600000000000004 0.609763142692
0.6700000000000004 0.602541883304
0.6800000000000004 0.609127671866
0.6900000000000004 0.604274985557
0.7000000000000004 0.607336799538
0.7100000000000004 0.606470248411
0.7200000000000004 0.608434430965
0.7300000000000004 0.615597920277
0.7400000000000004 0.603466204506
0.7500000000000004 0.611149624495
0.7600000000000005 0.614673599076
0.7700000000000005 0.612189485846
0.7800000000000005 0.610571923744
0.7900000000000005 0.61143847487
0.8000000000000005 0.613807047949
0.8100000000000005 0.610167533218
0.8200000000000005 0.614731369151
0.8300000000000005 0.610629693819
0.8400000000000005 0.618544194107
0.8500000000000005 0.615251299827
0.8600000000000005 0.617273252455
0.8700000000000006 0.61132293472
0.8800000000000006 0.605199306759
0.8900000000000006 0.612073945696
0.9000000000000006 0.616117850953
0.9100000000000006 0.619352975159
0.9200000000000006 0.617446562681
0.9300000000000006 0.611900635471
0.9400000000000006 0.615713460427
0.9500000000000006 0.612651646447
0.9600000000000006 0.618486424032
0.9700000000000006 0.610109763143
0.9800000000000006 0.611380704795
0.9900000000000007 0.616175621028
10.0 0.567186597343
11.0 0.562333911034
12.0 0.557019064125
13.0 0.552744078567
14.0 0.548757943385
15.0 0.545060658579
16.0 0.546042749856
17.0 0.546851530907
18.0 0.53443096476
19.0 0.546100519931
20.0 0.541478913923
21.0 0.535413056037
22.0 0.537839399191
23.0 0.535239745812
24.0 0.531946851531
25.0 0.536972848065
26.0 0.542518775274
27.0 0.531542461005
28.0 0.534488734835
29.0 0.530098209128
30.0 0.530560369728
31.0 0.528249566724
32.0 0.522934719815
33.0 0.517619872906
34.0 0.52559214327
35.0 0.520566146736
36.0 0.517677642981
37.0 0.51721548238
38.0 0.520797227036
39.0 0.515309069902
40.0 0.512305025997
41.0 0.510976314269
42.0 0.521028307337
43.0 0.513749277874
44.0 0.522125938764
45.0 0.508087810514
46.0 0.512189485846
47.0 0.512593876372
48.0 0.511611785095
49.0 0.513749277874
50.0 0.51403812825
51.0 0.506816868862
52.0 0.503350664356
53.0 0.514731369151
54.0 0.510167533218
55.0 0.505372616984
56.0 0.511842865396
57.0 0.510571923744
58.0 0.506643558637
59.0 0.505141536684
60.0 0.50872328134
61.0 0.506354708261
62.0 0.514558058925
63.0 0.513518197574
64.0 0.505834777585
65.0 0.506008087811
66.0 0.508203350664
67.0 0.512420566147
68.0 0.504506065858
69.0 0.503986135182
70.0 0.509589832467
71.0 0.506528018486
72.0 0.513229347198
73.0 0.514326978625
74.0 0.504621606008
75.0 0.507105719237
76.0 0.504968226459
77.0 0.503177354131
78.0 0.508549971115
79.0 0.507914500289
80.0 0.508203350664
81.0 0.499711149624
82.0 0.501559792028
83.0 0.506123627961
84.0 0.502541883304
85.0 0.503004043905
86.0 0.502772963605
87.0 0.511958405546
88.0 0.508261120739
89.0 0.510398613518
90.0 0.513287117273
91.0 0.50271519353
92.0 0.509820912767
93.0 0.501213171577
94.0 0.502368573079
95.0 0.51132293472
96.0 0.503812824957
97.0 0.507510109763
98.0 0.500635470826
99.0 0.50306181398
100.0 0.503986135182